,aking100,alecfowl,amarlow6,amcclu13,aroman,awarden9,aweis3,bfitzpa8,bmaples6,bmilstea,btolson1,calle102,ccanonac,ccotturo,ckornega,cstefani,cvy221,cwalsh25,cwitt8,cwoodfil,ddelrosa,dferrer1,dfranke2,dhodge12,dmoffit1,dpate139,dwang58,edayney,ehead3,ehechmer,emaness,ezhao1,fchernow,fgholamr,glapham,glee30,gpatel8,harshvar,hchen73,ibhandar,jaugust4,jburns46,jchoi38,jclar166,jhenley9,jkutbay,jleuciu1,jmuncy2,jnd547,jtayl219,kchmayss,knguye34,lhunte21,lscott32,marifova,mdv623,mherna21,mkelle37,mmarcu10,mmccor23,monim,mwebb51,mzg857,ncoffey3,npatton4,nvanflee,pkx959,pmasani,pmoore34,rfranqui,rking61,rlin8,san6,sbandar1,sdasari7,sgray38,slavey,smoparth,snidiff1,spatil12,tcatunca,thatngu1,tvillarr,vbroda,vgopu,wduff,wwinslad,yarddoga,ygaikwad,yhg461,zyr546
aking100,1.0000000000000007,0.05840146002453349,0.05653058797339529,0.21259964141739562,0.11369155346946698,0.11993420222714815,0.09300541626061498,0.07218837430351918,0.06687914481251675,0.05969337036184533,0.09042283933498223,0.036778061939265166,0.09368847506384281,0.06889563110520489,0.14654815756396836,0.09881551962471752,0.053148071224987714,0.05578671053415364,0.05513043044835113,0.037817802196843504,0.07013088038167684,0.0842998170644483,0.04072512728615102,0.12933929274041447,0.08668215124690308,0.05833219760024967,0.05680066026434437,0.07047218655760003,0.11165711439356948,0.11396180263032404,0.07255562714123845,0.08671707075953752,0.08539196124996176,0.06374570176880986,0.06317243552164518,0.05939299886430158,0.09031866242917114,0.018061191473212036,0.05742611805426511,0.06803552402639233,0.11445232988806167,0.05726211958808646,0.06727269588562254,0.04939261602050063,0.03399824620473803,0.08545578739929796,0.0773936129729333,0.09084667834304526,0.07157241623097438,0.0640406644217803,0.06773250289630801,0.044601103711987375,0.11067490897762527,0.07768910919047778,0.06967215310057266,0.06941947745680364,0.06596376479062906,0.09670462939329189,0.05289998274307513,0.09831850832421721,0.07060121400191821,0.026807186619704312,0.062288985867547525,0.0617598485881839,0.07628529030453796,0.08824859281182618,0.04521518303120124,0.037722049870764184,0.08763563974280406,0.07450475929866368,0.12419522307609916,0.08993438062351361,0.11005608827438093,0.048067234710462675,0.11462770935140347,0.039831495546229,0.0656897369486621,0.050982899828207834,0.07211719714091962,0.08915908699473879,0.059509084407652305,0.06684846178903045,0.03506530083965917,0.08542203324893105,0.021645281850188224,0.05611320757265901,0.10409706362145646,0.05691137231805532,0.07254294059404134,0.06793088057922456,0.06645918378589458
alecfowl,0.05840146002453349,1.0000000000000007,0.1074350510090813,0.15844885183533353,0.12494408797418506,0.17198535831741335,0.12998751101413433,0.2248943548109328,0.07555774105359488,0.08364525914999284,0.13940205117611218,0.07543085099098054,0.14616362323291587,0.10241907150073104,0.11879646029277979,0.10128541110574323,0.07462341416818963,0.1658922721800088,0.12467783690480436,0.1178973951621593,0.06426351367798457,0.08159038308705159,0.1291395774980803,0.10113457228031172,0.023058634382705258,0.14277880539375007,0.13386065224431204,0.07214236147039259,0.11525970547862205,0.08610689039500764,0.07877061718253524,0.10654005611138273,0.14145184685086465,0.149195686909935,0.12235410919542498,0.11117954902216261,0.13016090371571806,0.041050473163721624,0.12603055532901314,0.10664313898198274,0.11422556615334248,0.13040815802008257,0.10184362851116359,0.08879361868440683,0.14018666043501804,0.1212904041409594,0.08066785524953797,0.2099501473443124,0.16967922073455613,0.13035885539643216,0.11562155113743637,0.0770556698656498,0.12222216213937838,0.08176831620442263,0.14787521241152254,0.1809252939249833,0.0722824393833049,0.15822469216849952,0.08043873405015745,0.11648402378645453,0.11970661842633895,0.09944597411056065,0.08230575696716495,0.17361243536417437,0.10011948256237302,0.14504891961950916,0.14707494339212615,0.15409112616377188,0.2301056189983523,0.1215480341364155,0.13451825981067378,0.049406562081826935,0.15519776290877113,0.08824332533521437,0.1347104536990546,0.08122844283274755,0.09266815095337684,0.09732957143418001,0.10223002911817969,0.19668013525645617,0.09986822835006451,0.15935140756544897,0.11708969530178316,0.16698111295045895,0.04880557893942706,0.12481913573669355,0.09639305996690643,0.16811109843782512,0.11211547253980081,0.15604285423475817,0.07581670232980331
amarlow6,0.05653058797339529,0.1074350510090813,1.0000000000000002,0.09762568305332837,0.14223529095980814,0.13057604598732633,0.10533062676251956,0.1234823765761326,0.058791267042648504,0.08531794998137159,0.13329449745382288,0.11769890435507913,0.11197658587676138,0.13023233804313525,0.11089571486189995,0.08767062101752818,0.13468435387172445,0.11160354187005894,0.14316612958126992,0.07149905471350466,0.03813843195864404,0.0857849842539573,0.09221155839594691,0.09833059072268964,0.07719209462823971,0.07466884942281089,0.06423211439787885,0.22412679304252203,0.05107276749791828,0.09376581479312363,0.09434336509769642,0.10271853296659905,0.14668219214510722,0.11478783603630463,0.13591770045204632,0.09337139650198938,0.10636463455534251,0.0397927547452934,0.1013036423804815,0.1415360384779043,0.08159379212043213,0.1412600453882409,0.1020716155561038,0.08414898536146118,0.0934249757280456,0.10199495081824948,0.06443616308637244,0.10274693984635716,0.19612992722950756,0.14321898409849387,0.16541673478754093,0.061362847336693394,0.12352959339261754,0.06837655780615291,0.0968159019896542,0.14412675782291226,0.06325702975395325,0.11100706859499919,0.07736683873659822,0.1521430379991134,0.07992326959102497,0.09721576197372793,0.08468084611239736,0.08218867985991106,0.10777232590527697,0.0791188459683278,0.10420497216955742,0.06693090458527574,0.15051867845365607,0.09752503974569296,0.06301698946994816,0.04118865228371872,0.10692166756080367,0.057050233378077075,0.12830029336106236,0.08019337528909576,0.1238455022841796,0.08751243251563329,0.11686913998140272,0.09550458669335714,0.13087771891796576,0.16891024726614537,0.10569633289037367,0.15320678930912104,0.0696066400021941,0.11382491296325492,0.12489593456428386,0.05967025238399247,0.10630451071312083,0.13182044467079643,0.20104567985365415
amcclu13,0.21259964141739562,0.15844885183533353,0.09762568305332837,0.9999999999999997,0.15461957077903776,0.1458829640856887,0.13220346638359015,0.1250992549505356,0.08287766962493597,0.08941524493886471,0.15637179092575876,0.08992526013776098,0.16496011056418788,0.13254495082153878,0.10325835489980398,0.19731035670581865,0.07549449071857241,0.1895875458540695,0.1058968206832682,0.04563969320646324,0.08599486932593242,0.08600676263096434,0.08857748157648974,0.15216006065448157,0.05120275572105545,0.06710460406779278,0.1108779263615706,0.09894287068973658,0.1123850069429097,0.12844926180540034,0.13525214507500197,0.09143368376958674,0.1858622888174987,0.17117081536489695,0.1312029619435442,0.12092431900955297,0.14965367745362507,0.07464056005276846,0.08117084296946775,0.10441881238651646,0.15702323166173274,0.05395283167043896,0.15276740357749988,0.07574830714826837,0.0760121411152142,0.12573337506101784,0.12382575268163759,0.1506246046906503,0.17275220248091777,0.10666047979293723,0.12855579844933143,0.0693332141890519,0.16904975539976813,0.1147452316543294,0.13169209910345475,0.09603687347454759,0.14289155254835767,0.11276205006181496,0.10231284690062867,0.13760837505269907,0.10435638498627635,0.14312934306434216,0.0926852470350317,0.1457929244855315,0.11410216926526091,0.15072053759432358,0.13373149432993386,0.18773926876017147,0.17534046996472905,0.10029340073471174,0.06272686807125563,0.0524614567903294,0.205596632933577,0.06662535695572554,0.2036147811294034,0.1010447862525167,0.10541577102600842,0.11644733269403736,0.11677960858487539,0.18224710611595574,0.07419470653945079,0.04611475241215,0.05634425212123989,0.1366423662576959,0.021286194044694604,0.11358464318743106,0.11412588713952711,0.1405427413117729,0.10802348684456178,0.16883424539781422,0.13489314325803495
aroman,0.11369155346946698,0.12494408797418506,0.14223529095980814,0.15461957077903776,1.0,0.19383485620415386,0.21200106762570659,0.15756972563928495,0.16428780765904022,0.12594312143445077,0.22168994514190782,0.1681018283883806,0.19374241160292083,0.07259885379437983,0.10710743187280325,0.08594618959540169,0.12031840990949282,0.13991004061987508,0.18669973565851403,0.027597283072328796,0.10124033695738037,0.23690589542518475,0.10979346892585731,0.07902161407020919,0.08729754946672054,0.17614091536263654,0.08949462428316148,0.0905621182220697,0.11458506328258364,0.11366122136157994,0.17673351894217293,0.17076382786166058,0.20702872505160685,0.16578169465485823,0.17484791951370138,0.12489435076606016,0.11481939410641,0.055536001427191804,0.09835144566651165,0.13377354221066265,0.11856922502778675,0.14643426759628392,0.15900648575337806,0.11492431638372372,0.11941126243383772,0.2026182530084504,0.05191758302587577,0.18306154730295648,0.19685511564602473,0.1563984206000466,0.15039422751631581,0.03612805584509127,0.1712766730101193,0.07821302302736755,0.1889133096964173,0.12372889937150729,0.0903736851252851,0.19090646282068374,0.11760079539772247,0.18121236059190166,0.11242069267936264,0.14084785106094305,0.06470716199485156,0.11413376936741045,0.11511098776147101,0.1274350428835853,0.1642689725278843,0.11078927638248813,0.21415748513904442,0.06557532500420979,0.0490742856694352,0.03384284332444515,0.1340987482342878,0.060566737681902294,0.11579413550898206,0.1229963278166127,0.08547995114989103,0.10617154846942839,0.18709980058973183,0.19841102200535987,0.10633415110073169,0.1036414076374705,0.1050525142907438,0.32989049047986574,0.035124610280296675,0.1367499315777004,0.2290044887890389,0.11209603145088429,0.18086558284961235,0.14548494050102512,0.13520474127113116
awarden9,0.11993420222714815,0.17198535831741335,0.13057604598732633,0.1458829640856887,0.19383485620415386,0.9999999999999996,0.14605063182144312,0.19783172223896528,0.11097438242569747,0.09052991667013882,0.1728090961513088,0.06925117498590289,0.10689506476078736,0.06726365314700838,0.11677118384802365,0.10871612374541448,0.13325779556002698,0.097221484889465,0.17189295339159869,0.07233033681932498,0.08105287763981699,0.1390052712927918,0.09594569709666542,0.16380724085681903,0.0779150078635871,0.0900175583223156,0.08863439295133724,0.10312062122576263,0.10448133490811976,0.12212788941023063,0.15598674424600625,0.13913062766707165,0.15239591950273843,0.10848252364278131,0.12128273377373354,0.12556435843145233,0.17530301755229385,0.12490707314026574,0.12384135997526818,0.1128954113451846,0.1835330434202079,0.17937393849158734,0.1054697965848652,0.07895642444982082,0.12342169415953072,0.16742530504151254,0.09369857137776183,0.19139233386051988,0.15507568945290878,0.12909363535115406,0.12634107042874937,0.07973567451631265,0.18691460122808984,0.10266464464743957,0.15687099265299168,0.19821177394850553,0.08889177797042046,0.17644586190980083,0.06785786418246356,0.17821142599218884,0.08773679812260374,0.08686132789885073,0.08816885966782902,0.1224483691070387,0.10767150154244606,0.08296977451364598,0.0869562394187153,0.065576323560609,0.1357779433392925,0.12940722231083965,0.10308966968515061,0.12930417882253334,0.1573674751315141,0.07668934699838104,0.14162585985161388,0.07188747338929825,0.1438564698977945,0.08626696009301138,0.15912338680228955,0.14470472376465182,0.10032972083169063,0.08710394130951761,0.08939450273816371,0.14660193517151282,0.0646395258828068,0.08255272508123408,0.09838003506394041,0.10335237876424927,0.1503066392415207,0.14945657219707628,0.16515028726751996
aweis3,0.09300541626061498,0.12998751101413433,0.10533062676251956,0.13220346638359015,0.21200106762570659,0.14605063182144312,1.0000000000000002,0.09973374635838293,0.08021628019525313,0.10938829046167625,0.17865944433382686,0.09745953957300088,0.2475077002522859,0.07560134771172239,0.11080328679386811,0.06274596489896672,0.09294739638691389,0.1358095268416277,0.11452975045117562,0.047549697519451165,0.08102324875170129,0.17047618246553323,0.11618639940860626,0.11467192453917886,0.056983574116028446,0.1524800402257251,0.06690000143740632,0.06698325098605107,0.1399024595931739,0.15325596317627926,0.16649081834750762,0.15374433922068906,0.17326423271475183,0.1265485915788528,0.09839056984120222,0.06822094557417863,0.10480035052901158,0.06581528241014806,0.10995634975190566,0.11049987829794726,0.16417334831297392,0.1207434581576081,0.0880189830862623,0.09365539564689851,0.09823923232581033,0.11594548018031864,0.07154569200761969,0.1721522678775372,0.13884627017688714,0.12279945389877098,0.11510749894978718,0.06576267301157976,0.13890766145708772,0.10371482013166336,0.13537711490062188,0.0857274156151951,0.25950542869556703,0.08690624987098751,0.10336786387653726,0.11190208762519308,0.16110848807204287,0.10087550242091003,0.07466995380201685,0.11485923267455472,0.0757468580749068,0.08231242518696595,0.1277481650799936,0.10086613812368501,0.16945686458238812,0.056406575913369415,0.1008615651729175,0.08118853158178231,0.1177778719457479,0.08742131281185482,0.18003170088595166,0.0694615381490959,0.12384449530911376,0.19936675717972105,0.14943823196398864,0.16153549875509973,0.07916950892058625,0.04050243142263264,0.13026520068769995,0.20952174681040955,0.09149437934453551,0.09568897245103461,0.1985229166884827,0.13163739536906213,0.1869487098603444,0.127353191031495,0.14060466412810266
bfitzpa8,0.07218837430351918,0.2248943548109328,0.1234823765761326,0.1250992549505356,0.15756972563928495,0.19783172223896528,0.09973374635838293,1.0,0.09572502151208515,0.08594743727665488,0.1767177451733994,0.08802874982703729,0.1081209448902827,0.08960352582129691,0.2140142411111454,0.13635081315183176,0.10744997488761109,0.18509650882656953,0.20128197070512188,0.09677040073354562,0.09003888827299959,0.10357573356438629,0.1553406118164512,0.12663184935776525,0.056203149451291484,0.2132906136664373,0.1519729772435252,0.10487853863485538,0.12092801672560727,0.12930516083523005,0.08706189746713197,0.12749228935130852,0.2544233436130058,0.13125466481661516,0.15187729212294432,0.19196893633415915,0.13018421797769164,0.08466357991433049,0.159062088855776,0.12347013099977983,0.10687987190839371,0.1333773388814969,0.15223750483077755,0.14045117766534249,0.15841436900261094,0.17160107524922566,0.07891679250717651,0.21040837720395567,0.22845668412010958,0.13972037749387572,0.13173689979178022,0.09285989172116425,0.26748202403124366,0.10338983558041517,0.1863624134397435,0.15579303297310665,0.12533855117793916,0.2078439276384716,0.06327304725879879,0.1634902430319632,0.10470760502470533,0.23392831797636068,0.07139421426124616,0.13426434450803207,0.13732141158136124,0.19462748939951516,0.097727413561382,0.10363928185827541,0.12054916162001578,0.12534483147831002,0.1651224928197775,0.056632190883599665,0.13257948197932978,0.11354539028113089,0.1271836712355183,0.09139160610241674,0.10668413644479903,0.07432052987919602,0.10943019862063472,0.19973350609992882,0.1279950199043631,0.1807905254811274,0.07724052853293177,0.1247862178224616,0.06283438899098645,0.10874619169530901,0.07311432822592817,0.16865147393532598,0.11148770755009133,0.1865770634542287,0.10696442971521974
bmaples6,0.06687914481251675,0.07555774105359488,0.058791267042648504,0.08287766962493597,0.16428780765904022,0.11097438242569747,0.08021628019525313,0.09572502151208515,1.0000000000000009,0.05939149036506159,0.13532419634435372,0.0697114655103812,0.08774860878234278,0.08707815208132808,0.05150708651543483,0.13667094216742143,0.08371115315155397,0.13235701342527448,0.09948687384938752,0.048694627410724826,0.0749785241295041,0.12875932994643263,0.07676977898064459,0.08124403964261842,0.055797752579314644,0.08529754513680546,0.04639884189032263,0.039638540701287785,0.07050942637425547,0.052184669547698334,0.08661369561910831,0.15320164061006292,0.09119911608687413,0.09475176649975685,0.1272600035376154,0.10161918852407098,0.10564721967906356,0.06500115836037397,0.067798875244493,0.11497074980836351,0.06264634409084259,0.03359743037550998,0.09298677032568929,0.05519851432715714,0.13262029791911067,0.13457900455343236,0.071241886838013,0.08630764544762314,0.11323005606697878,0.12314558016991077,0.11472175712473491,0.0878852427546356,0.10058738559056413,0.06679774999553129,0.07605114230310692,0.139187578674196,0.052271162255046306,0.12844643640986653,0.028533295379368426,0.1167871249518388,0.08502373360712333,0.06817997033342034,0.027881338000558368,0.09173675567893758,0.0954500955510878,0.09107903937006226,0.08971247901511485,0.05495178521890264,0.06361473535301142,0.06284192249110086,0.03497980838862841,0.05863524856813409,0.061555616733765056,0.08813304818948967,0.12399281408839817,0.07605470521824824,0.08552980059257025,0.05361862963996317,0.10779628378904439,0.11801178384326881,0.07492543519385476,0.07953053200528509,0.06171821394196208,0.11665116670385313,0.04610050916566333,0.1474360610713265,0.12718922587798356,0.08464523274496422,0.09623100982898235,0.11275923971449169,0.05662676234190867
bmilstea,0.05969337036184533,0.08364525914999284,0.08531794998137159,0.08941524493886471,0.12594312143445077,0.09052991667013882,0.10938829046167625,0.08594743727665488,0.05939149036506159,1.0000000000000002,0.16226466095664951,0.03998816683202476,0.16035813071635718,0.064794918373883,0.0638091091590638,0.09460120884752515,0.08723451911059442,0.07402018991017463,0.07574609677547425,0.031215337394105577,0.08821382967087964,0.1266007291409053,0.14704902032389003,0.11175439447101461,0.04929146989305032,0.06471964968517148,0.06836909421700452,0.06121059895559613,0.1232540981873729,0.13817002347394652,0.16654590522185428,0.08762780123873555,0.16162985445447575,0.1081831764072581,0.11464735988616762,0.10955541909370603,0.10587464375754936,0.039708157977564044,0.11787590782315006,0.10921554508852299,0.1484670774032501,0.06595329002012108,0.09891446590718526,0.1099541498325336,0.10881545663949592,0.08708696728789674,0.03964260548967938,0.09775163003987936,0.15938715147872606,0.16441109606516968,0.19827959751835425,0.09122728615221261,0.12825386859989507,0.11769540147919166,0.08750788504980152,0.08134442262737115,0.06392073413840586,0.15140929517464657,0.0940658266337606,0.09804564775243028,0.13642523564491849,0.07202782878392273,0.12722470338635103,0.1315796993267128,0.08029040426953782,0.04689061573782059,0.09667972148626769,0.07204108979620247,0.08300327392243831,0.10570590750557562,0.07066267539064566,0.09275669885643892,0.10283560444512231,0.1198559929275423,0.15773280622042854,0.07667116827101847,0.1674351241102229,0.06631805761476363,0.11970058447363759,0.11262353501266043,0.09950467769057446,0.04051588620847914,0.05494420753726047,0.1535258158027006,0.14872464742267288,0.06862694923987869,0.13627140926087636,0.09299138254147009,0.14770083128991396,0.17893863610219068,0.08553205595871827
btolson1,0.09042283933498223,0.13940205117611218,0.13329449745382288,0.15637179092575876,0.22168994514190782,0.1728090961513088,0.17865944433382686,0.1767177451733994,0.13532419634435372,0.16226466095664951,1.0000000000000002,0.095934231436031,0.16992123461612993,0.11942237226878834,0.1210846729530356,0.1440824300453429,0.1434060944703839,0.15164898758128217,0.1588863568075496,0.04966226577399567,0.11151483343678127,0.20244370970550618,0.12143713560874105,0.17913853354841489,0.08231401749502354,0.1253272830581182,0.09801742000869187,0.15378587271448435,0.11039941016664898,0.15450978502074383,0.15614376417386802,0.1443888935053876,0.18516041504479502,0.15052394901067062,0.20737783934747384,0.17427315802306903,0.18512023635647767,0.09509053281408729,0.16261232438488654,0.2255003162360415,0.12507527498459176,0.10099131471803424,0.18889802084701882,0.12754367241631684,0.19371953447196408,0.24167646947043142,0.09158235790034885,0.3023938988909416,0.27469102278607166,0.19677717832022587,0.1706308334458202,0.10803702290305091,0.19313705773731926,0.08539110733395683,0.1515608268905378,0.1584373105353503,0.07804855524515518,0.1639686449425695,0.16414416430152165,0.22391082986973812,0.18306215976893478,0.1482162629679721,0.12836925431066284,0.15740746803628564,0.15880619503574242,0.09990059879597524,0.16233147852539315,0.1334863341147123,0.25296018545227494,0.17419648230309026,0.1231329267275865,0.10864817248822334,0.16600280526025113,0.13567041027770146,0.1539587527789221,0.13240988663627423,0.12844685629847805,0.14219000094607245,0.16182037906770586,0.17687899834227852,0.13302884338199475,0.11375576675739041,0.12418464197715848,0.2370085986205947,0.05057572481251888,0.13195430708424563,0.2002606608143312,0.16156945727544467,0.14876039069474484,0.19659719583472354,0.12327824431707918
calle102,0.036778061939265166,0.07543085099098054,0.11769890435507913,0.08992526013776098,0.1681018283883806,0.06925117498590289,0.09745953957300088,0.08802874982703729,0.0697114655103812,0.03998816683202476,0.095934231436031,0.9999999999999997,0.07508793121503281,0.056808580942845334,0.06817009865322674,0.03864174384989105,0.06335730788687875,0.07763614537915837,0.09155164539653403,0.017774808104444796,0.047733858846374794,0.07247763547589745,0.05689416565354903,0.07155856298790912,0.04853846769271437,0.06861074419004598,0.03958248611346879,0.11714959364698446,0.085003214359477,0.11891710346611445,0.04938715262691381,0.0977177643954194,0.0977536674072626,0.08889542329710377,0.05753748887915673,0.07584942888761184,0.07188715467174961,0.030667092312652272,0.07550407662033623,0.14995484626885688,0.04623886914033101,0.14614165972461252,0.08999773722064067,0.04411186840363066,0.04527295192307913,0.0793970166999539,0.04496860049752446,0.08050856239005416,0.15778313615425454,0.04675832333288681,0.09809702160290269,0.02453130788436183,0.10209170174931456,0.04781526385319727,0.07412315565696961,0.07127558688078155,0.027239406852517904,0.07291165240977283,0.09924382557552125,0.15646060352409977,0.06340121169872094,0.08046038342268216,0.07735402805425895,0.08255128929963682,0.061373792307096206,0.03541566284873167,0.1021810353873717,0.10174312492448628,0.1345055931109763,0.06295788500333734,0.030020175316617707,0.04108366071470412,0.08438443994937675,0.045087197495592354,0.04876827311091857,0.11022653151181837,0.0821390632145081,0.06506353081201587,0.07183876927524022,0.06301626695314,0.046098929876481225,0.0641047429318331,0.04949313714250535,0.13911717332898646,0.030139769661026224,0.09343592119047296,0.06839892743444795,0.08154503878021621,0.06691049729958369,0.09639285779095558,0.06784470823175968
ccanonac,0.09368847506384281,0.14616362323291587,0.11197658587676138,0.16496011056418788,0.19374241160292083,0.10689506476078736,0.2475077002522859,0.1081209448902827,0.08774860878234278,0.16035813071635718,0.16992123461612993,0.07508793121503281,1.0000000000000004,0.14388284347884495,0.10044173946319379,0.17220365054627515,0.10470106452694862,0.1285621478520346,0.10453788060534262,0.08086745962683205,0.13597050203841043,0.12025642660660252,0.12173256691202455,0.13285826355935043,0.040920017392578265,0.1712063220595152,0.0942658548366756,0.09099147717730108,0.09833288519665519,0.1542306896709515,0.18909408570884448,0.14242931225258476,0.1962895227359081,0.2649998397222789,0.13672876858146538,0.11127963447312292,0.13490459121672208,0.09892427063883383,0.11190794728839923,0.1261709539324458,0.17478065780502858,0.16233197741600774,0.12000381485714497,0.10004225562454255,0.11177061046072725,0.11548114367041395,0.09336169740432404,0.19397629962870228,0.12997916891229788,0.1634423935809579,0.11689176469456093,0.09199686774853477,0.1413292481599349,0.07526249833866093,0.14267808699443477,0.0756666212313072,0.1821808748405893,0.09486379665287975,0.1018687823205548,0.09651582126845458,0.16039898037577868,0.07270060787786574,0.126843147584713,0.12250486079466756,0.12036328723094872,0.11865733168828127,0.1512052614667591,0.09435958293196114,0.17087946947138813,0.11437235165903273,0.1328107849730651,0.09317790933584794,0.15294464275208092,0.17424027488868502,0.15954350978539597,0.07252250337691021,0.09773569056537991,0.17564295874689104,0.1308109389222816,0.14524583761115537,0.09922711804321949,0.09845849001621074,0.16795312849238503,0.18322077267490863,0.08944291724987326,0.12275396614048445,0.18427346455084131,0.06799548632580442,0.13622957651642123,0.13967181678066662,0.10269509145282274
ccotturo,0.06889563110520489,0.10241907150073104,0.13023233804313525,0.13254495082153878,0.07259885379437983,0.06726365314700838,0.07560134771172239,0.08960352582129691,0.08707815208132808,0.064794918373883,0.11942237226878834,0.056808580942845334,0.14388284347884495,0.9999999999999998,0.10458075312853676,0.18417979435115797,0.06229314384290865,0.14972444111250457,0.0696430676365538,0.08964340059253964,0.08851801080148866,0.10094796366963459,0.0728409899695524,0.15582834793475106,0.034894028460678315,0.08836349189901424,0.07540245305200177,0.12096118351782638,0.06636659154069434,0.06757978901933875,0.08952893011139984,0.1215979101834084,0.11228424371186364,0.07867102725066648,0.05759386433604069,0.09337077561380455,0.10541399864700329,0.026605475662335357,0.07199432760713118,0.11876949135526729,0.12080453719491689,0.09494613086059904,0.13897676630358607,0.07445342517304508,0.08772430554819145,0.1185922289996854,0.1224456795150222,0.09584710192353112,0.1284118756398112,0.08971982924394917,0.06782734339780201,0.08277713012289568,0.10769356492544574,0.08695555352872261,0.1363385705953405,0.12999706253401472,0.05589102560438342,0.07106211538182965,0.08065583165116673,0.06664090464664292,0.08041967240490833,0.046916221703646774,0.05359662047191831,0.10448722117327182,0.127020240383384,0.10978284170869715,0.0970116541612259,0.061309446495081986,0.11006406371416502,0.1026810355865705,0.06196320143301767,0.07067164103069032,0.1300072463307195,0.09187571436468303,0.10441791843402476,0.11847292912493057,0.08864028884460495,0.052390283016547745,0.06269180251230408,0.12094625957785805,0.06159052215742996,0.06370838112015939,0.07879120522488228,0.07317537564237499,0.03668038563464476,0.09618284324487604,0.12827363878084713,0.061424849598701786,0.11851423645974504,0.13543011574667785,0.11413032753879052
ckornega,0.14654815756396836,0.11879646029277979,0.11089571486189995,0.10325835489980398,0.10710743187280325,0.11677118384802365,0.11080328679386811,0.2140142411111454,0.05150708651543483,0.0638091091590638,0.1210846729530356,0.06817009865322674,0.10044173946319379,0.10458075312853676,1.0000000000000002,0.06740602881996986,0.09026952577678017,0.11163617842862342,0.1192775523993026,0.11525362431912309,0.06302358588868066,0.08479200391986189,0.07315965929299115,0.2370829366396612,0.06203566318066151,0.13136190017210925,0.0831125694000519,0.12301501336703762,0.09556677791164385,0.07995393362521788,0.10911812303412664,0.11647320760772759,0.11610203491974491,0.07115769244222757,0.12356307027751716,0.11153719193728359,0.10153724824935131,0.0574594743530859,0.0936914299205417,0.11726535297409024,0.1110347313072873,0.1318181027379589,0.1422734608498889,0.0830650394276454,0.12465261424578643,0.07970700839661768,0.05628372718885933,0.1274101280823486,0.18070534549274697,0.09494943697159042,0.0678060287800273,0.06301820555413976,0.1434668860357373,0.09583274582385495,0.13542716000350039,0.08830614983050805,0.10254890640087008,0.12982314879768755,0.07855692147900195,0.10740452388506043,0.08753086560929446,0.09467016065399317,0.0630811487655813,0.08432098278758873,0.06575278966630928,0.15404002481544232,0.08674957599868455,0.07203534889151034,0.11510650457477936,0.10541389465455399,0.0763553542315884,0.09438980497100961,0.12053618704546792,0.07192790074861093,0.09117481547401318,0.03171310443821411,0.13405673344502952,0.10221422667524552,0.054679054566495855,0.10462186862340933,0.06376480998279921,0.10484136575990353,0.07780450330087185,0.08275502985584553,0.045600473661858196,0.07821950677681908,0.08709977867654481,0.06712465920723769,0.0859594114989828,0.09129426155164233,0.12991726866212056
cstefani,0.09881551962471752,0.10128541110574323,0.08767062101752818,0.19731035670581865,0.08594618959540169,0.10871612374541448,0.06274596489896672,0.13635081315183176,0.13667094216742143,0.09460120884752515,0.1440824300453429,0.03864174384989105,0.17220365054627515,0.18417979435115797,0.06740602881996986,1.0000000000000002,0.07480282930469029,0.15046504950977435,0.10141541147240014,0.08355392589960423,0.05225007093127687,0.07541043388316958,0.05337730974998496,0.15759801672564025,0.06560624657746411,0.08951781635460537,0.05256217714008349,0.15179412415832788,0.06385729676973342,0.06296694904784607,0.0982809902999513,0.0688184158528518,0.14973066825611964,0.09307254567364438,0.09795037219481094,0.14437801790690644,0.21856431563031223,0.043645497140157447,0.0691692581142271,0.15053990650971225,0.13290062640461492,0.08611975029921214,0.12200884836207704,0.0782005332883529,0.11753931664749716,0.14309653521652396,0.22297247225867012,0.08388584867857785,0.12890135590655707,0.05064085859353515,0.07697164128492565,0.11839722994577365,0.20241130056056783,0.08847895081917742,0.1374628789420549,0.1378500369996009,0.061015154919355705,0.12419713120975344,0.04040163228980107,0.10598362635042351,0.06690196606472522,0.11790831106270806,0.10272498645881735,0.08430164282603306,0.24201777839376906,0.0668892832215669,0.06647985293296356,0.08994435367452212,0.06910582745641881,0.07591170758824722,0.07755005552518593,0.05855602048820541,0.12424733058013541,0.08750846427886176,0.1385247366189383,0.03776490282994369,0.08937674683178416,0.09351623119014463,0.10590879932356506,0.10981128927276572,0.07840628816989839,0.10803156922416052,0.09990982625195517,0.0891241343216184,0.0358491513613777,0.18093294243450464,0.15986180517479115,0.09626345749360295,0.1070517556581421,0.16142685598775283,0.092096714993762
cvy221,0.053148071224987714,0.07462341416818963,0.13468435387172445,0.07549449071857241,0.12031840990949282,0.13325779556002698,0.09294739638691389,0.10744997488761109,0.08371115315155397,0.08723451911059442,0.1434060944703839,0.06335730788687875,0.10470106452694862,0.06229314384290865,0.09026952577678017,0.07480282930469029,1.0,0.06420041378402769,0.09669978466885269,0.05679570105224169,0.03184142092674283,0.11672178372963903,0.08704224569057152,0.14949113920087476,0.06244880370739515,0.04441373603577178,0.056275598932464255,0.16224719171222887,0.02782463181404189,0.12009856628653831,0.08740259711026165,0.10119975441797315,0.10700645362176098,0.09376551800909944,0.09249326072129602,0.14835053549980018,0.07121557319129833,0.06958582932277528,0.10660650582531693,0.10914350069741088,0.13362571230444556,0.10474287055372315,0.1605016277164586,0.07342943400429354,0.10656460789778148,0.13748751850847257,0.08368981246545669,0.08759331510633442,0.18884808930394634,0.09605875592613972,0.14761580379838354,0.12507796095224458,0.09220403271130796,0.09160567049301446,0.11422176252538094,0.07846680979914095,0.03398100051895056,0.10424436365219109,0.03958874885693531,0.10240389169270683,0.10392889359628117,0.05878540010837257,0.10387633753672947,0.12862720618067303,0.09250027012156889,0.05175917915905829,0.07060180443823635,0.03985962094795026,0.0712206471272298,0.05439778188301137,0.06371698378331078,0.10996577657519455,0.10732915267277758,0.08517194975827898,0.13487805797391256,0.05641205016957541,0.0925289519460403,0.05821399757614279,0.20241035515868672,0.09650230343860544,0.17391725124018265,0.051368045792538064,0.06440634320348175,0.1304322760463294,0.03821391744007815,0.21451063217312533,0.07055385407322234,0.09508077118651628,0.10562855601460704,0.22574884933922518,0.11248838439830144
cwalsh25,0.05578671053415364,0.1658922721800088,0.11160354187005894,0.1895875458540695,0.13991004061987508,0.097221484889465,0.1358095268416277,0.18509650882656953,0.13235701342527448,0.07402018991017463,0.15164898758128217,0.07763614537915837,0.1285621478520346,0.14972444111250457,0.11163617842862342,0.15046504950977435,0.06420041378402769,1.0,0.11643332334915611,0.09292029098186061,0.037148251937911526,0.10912255334449883,0.09730020443810197,0.16268471710536841,0.04886024951268566,0.096752159263162,0.06610098989627203,0.10307175549651704,0.08166428318379042,0.07289834588285724,0.07978835681168006,0.08121012384309129,0.2265729998748801,0.1141790151505566,0.10640720240020911,0.11124851073415484,0.10891128209593456,0.04356990217269602,0.12784596062788622,0.13556144234291506,0.11089995906516091,0.060654145588982175,0.10539527428723314,0.11388865485459271,0.12575216191854835,0.12297193112125565,0.08681380764127428,0.14171968437662064,0.15577856108598637,0.10218630106330796,0.0929520256640824,0.14256758642200973,0.18728448163485878,0.11189785676717032,0.12226008969837764,0.20488376662533567,0.07606219705124394,0.11921211166861528,0.07751010452844581,0.08183085691179556,0.08149786241150353,0.1420613315550655,0.07208490050305554,0.0873703712644151,0.14570624028058402,0.13075314977870126,0.0970810732649389,0.10000903898607309,0.13444418285434737,0.0923634999823162,0.0627511369862369,0.07893986460762695,0.10255393057594783,0.06173323842011631,0.17190457748590382,0.07160825903510028,0.09990529092699098,0.09024585887462269,0.12320278693899854,0.19890346743921425,0.1041099479718948,0.0940481851773598,0.08620129311668193,0.1641751725257412,0.04718491039710042,0.0672459687022287,0.14133784930916665,0.13597387154895443,0.08000147454481676,0.15915237939223925,0.13492054384941732
cwitt8,0.05513043044835113,0.12467783690480436,0.14316612958126992,0.1058968206832682,0.18669973565851403,0.17189295339159869,0.11452975045117562,0.20128197070512188,0.09948687384938752,0.07574609677547425,0.1588863568075496,0.09155164539653403,0.10453788060534262,0.0696430676365538,0.1192775523993026,0.10141541147240014,0.09669978466885269,0.11643332334915611,1.0000000000000004,0.03852856123584109,0.04141692946877895,0.11026138625685884,0.08643882220225615,0.1260359998391706,0.04594273433489935,0.12145461738902491,0.07735584137123905,0.07254113907562691,0.06484895811029014,0.12404012826113182,0.08963200701902939,0.10781673074819527,0.2109563805870518,0.12664511479335813,0.17448408076659302,0.12839302292895352,0.11421949750468255,0.059437081813634725,0.12681855077660245,0.18120567762710205,0.10089809894055762,0.11559809659660693,0.15597683453783734,0.07539332335346292,0.11586858319664783,0.14572935532705034,0.04262705614768407,0.13959691015458825,0.19424020441449782,0.1368936178318565,0.13954518317810774,0.06907284426038386,0.19629592855757813,0.1154175499354026,0.18484099837349066,0.13072386951713236,0.06932635985855724,0.17416246521716078,0.07138572268524425,0.15388884827288443,0.1331586791991479,0.15571088743674902,0.06942345418478052,0.10743587700017086,0.07874327807079815,0.15919451515732277,0.20421495151981078,0.09353809040391305,0.15264949098317543,0.05800563831294203,0.15482428183712155,0.041409858309005225,0.1701308899775048,0.06129178974251214,0.16501579796392776,0.10523982306690104,0.11769136142722489,0.07997491781024296,0.13164871045745916,0.17161685821753997,0.11805088844493022,0.07541162808790786,0.08445818223926166,0.20124221881659432,0.06168233371729108,0.11156580984707018,0.12428126192222025,0.1561157459047793,0.11012967258967948,0.12752903125863121,0.1486549632475098
cwoodfil,0.037817802196843504,0.1178973951621593,0.07149905471350466,0.04563969320646324,0.027597283072328796,0.07233033681932498,0.047549697519451165,0.09677040073354562,0.048694627410724826,0.031215337394105577,0.04966226577399567,0.017774808104444796,0.08086745962683205,0.08964340059253964,0.11525362431912309,0.08355392589960423,0.05679570105224169,0.09292029098186061,0.03852856123584109,1.0000000000000002,0.02783565034694186,0.03231366271073449,0.08931522281070203,0.09313870834498501,0.01959920201678453,0.053231545654002954,0.0880311484863601,0.09382406011467838,0.03701344938076219,0.04227199422739127,0.037450418026573305,0.027650684110296656,0.06115899691485192,0.08289239810697642,0.0563240851210121,0.048389299898484554,0.10497877349400439,0.042948156664534096,0.06992166376857128,0.06068536710880465,0.06027874189011545,0.16409470544988958,0.029721258422848368,0.03413902672984472,0.07048449408714404,0.08076226206969486,0.07331635001590321,0.058063072708682974,0.07705755611652026,0.0622601892527754,0.04498568874666539,0.10245376629013757,0.07062504698544476,0.04033953829231145,0.0789289175060635,0.0733720423582172,0.04104737255824842,0.057627601015153525,0.02844633276158566,0.04585675376254372,0.04173627392066396,0.03809184372180431,0.0503839573228564,0.034444543758794674,0.0888989898522431,0.0866636209059936,0.05928956236106677,0.04950454007873341,0.08173027463978919,0.09367829310212203,0.09938880462778822,0.03269392920811361,0.04485434186202851,0.050515286914832064,0.071644953009752,0.022030237997142536,0.05979427364925941,0.040019862004718375,0.04640303509451629,0.08288308634181524,0.040754357745002016,0.06630096630515259,0.06872609506139994,0.03668818979164308,0.042833747335296664,0.07050170818181759,0.058838727163995366,0.021367731302573443,0.10938618496545563,0.10351858754491312,0.051809725171527966
ddelrosa,0.07013088038167684,0.06426351367798457,0.03813843195864404,0.08599486932593242,0.10124033695738037,0.08105287763981699,0.08102324875170129,0.09003888827299959,0.0749785241295041,0.08821382967087964,0.11151483343678127,0.047733858846374794,0.13597050203841043,0.08851801080148866,0.06302358588868066,0.05225007093127687,0.03184142092674283,0.037148251937911526,0.04141692946877895,0.02783565034694186,1.0000000000000002,0.05548512935768726,0.13625769570302476,0.036307642900908904,0.018085937060856514,0.11686931811693968,0.05635114782536117,0.03010059885886166,0.07609149275416163,0.07028865260434224,0.0957103772934406,0.2049846233768337,0.09080289287253324,0.08722540288753106,0.048947343713421694,0.07565426920903798,0.07273675462474097,0.025173350682688292,0.06302989284003345,0.0705174960967904,0.06354796422255161,0.06589110901611898,0.11321191716806393,0.0651409309768618,0.05027550168341806,0.04376326846094177,0.023012077563593917,0.151518716738748,0.12299911182741884,0.16194170396794347,0.0729277112314638,0.03661978320844663,0.07493708416345385,0.034118566366976674,0.08756956690619096,0.07585187485609231,0.07561844210001734,0.06002110982964219,0.1398838672221471,0.08116253056015388,0.06478960266470359,0.06324727713318146,0.03553874210741394,0.13943113128322404,0.05665412908720515,0.0846145669392696,0.07161503162913527,0.05324032498307352,0.08553454861924288,0.09398509166560426,0.04851776858397863,0.05025089532753947,0.07849591246436284,0.0713871298769106,0.04753066155083589,0.041278981987541374,0.04120459440632197,0.03166686586048878,0.0826846445113411,0.06056745912351989,0.05863325851502385,0.060914825868928185,0.04848392761071751,0.0874614172107239,0.028197755364995157,0.05994928931932456,0.047573684266453545,0.09363346582407914,0.029981276558268894,0.06008433365028759,0.08559187430019025
